0 1
0 2
0 2
-1 2
-2 2
-2 2
-2 3
-2 4
-2 4
-3 4
-4 4
-5 4
-6 4
-6 4
-6 3
-6 2
-6 1
-6 0
-6 0
-5 0
-4 0
-4 0
-4 -1
-4 -2
-4 -2
-3 -2
-2 -2
-1 -2
0 -2
0 -2
0 -1
0 0
0 0
-1 0
-2 0
-2 0
-2 1
-2 2
-2 2
-3 2
-4 2
-5 2
-6 2
-6 2
-6 1
-6 0
-6 -1
-6 -2
-6 -2
-5 -2
-4 -2
-4 -2
-4 -3
-4 -4
-4 -4
-3 -4
-2 -4
-1 -4
0 -4
0 -4
0 -3
0 -2
0 -2
-1 -2
-2 -2
-2 -2
-2 -1
-2 0
-2 0
-3 0
-4 0
-5 0
-6 0
-6 0
-6 -1
-6 -2
-6 -3
-6 -4
-6 -4
-5 -4
-4 -4
-4 -4
-4 -5
-4 -6
-4 -6
-3 -6
-2 -6
-1 -6
0 -6
0 -6
0 -5
0 -4
0 -4
-1 -4
-2 -4
-2 -4
-2 -3
-2 -2
-2 -2
-3 -2
-4 -2
-5 -2
-6 -2
-6 -2
-6 -3
-6 -4
-6 -5
-6 -6
-6 -6
-5 -6
-4 -6
-4 -6
-4 -7
-4 -8
-4 -8
-3 -8
-2 -8
-1 -8
0 -8
0 -8
0 -7
0 -6
0 -6
-1 -6
-2 -6
-2 -6
-2 -5
-2 -4
-2 -4
-3 -4
-4 -4
-5 -4
-6 -4
-6 -4
-6 -5
-6 -6
-6 -7
-6 -8
-6 -8
-5 -8
-4 -8
-4 -8
-4 -9
-4 -10
-4 -10
-3 -10
-2 -10
-1 -10
0 -10
0 -10
0 -9
0 -8
0 -8
-1 -8
-2 -8
-2 -8
-2 -7
-2 -6
-2 -6
-3 -6
-4 -6
-5 -6
-6 -6
-6 -6
-6 -7
-6 -8
-6 -9
-6 -10
-6 -10
-5 -10
-4 -10
-4 -10
-4 -11
-4 -12
-4 -12
-3 -12
-2 -12
-1 -12
0 -12
0 -12
0 -11
0 -10
0 -10
-1 -10
-2 -10
-2 -10
-2 -9
-2 -8
-2 -8
-3 -8
-4 -8
-5 -8
-6 -8
-6 -8
-6 -9
-6 -10
-6 -11
-6 -12
-6 -12
-5 -12
-4 -12
-4 -12
-4 -13
-4 -14
-4 -14
-3 -14
-2 -14
-1 -14
0 -14
0 -14
0 -13
0 -12
0 -12
-1 -12
-2 -12
-2 -12
-2 -11
-2 -10
-2 -10
-3 -10
-4 -10
-5 -10
-6 -10
-6 -10
-6 -11
-6 -12
-6 -13
-6 -14
-6 -14
-5 -14
-4 -14
-4 -14
-4 -15
-4 -16
-4 -16
-3 -16
-2 -16
-1 -16
0 -16
0 -16
0 -16
1 -16
2 -16
3 -16
4 -16
5 -16
6 -16
