2 2 2 5 2 2 0 1 2 10 0 0 0 4 1 0 0 1 0 0 3 4 4 7 2 4 2 4 11 13 2 1 6 11 0 5 1 0 3 2 0 0 0 4 5 6 6 7 16 6 17 20 19 18 12 11 19 17 23 10 21 24 19 17 15 11 15 17 15 22 27 31 32 32 28 27 22 13 12 24 22 19 17 14 14 17 20 0 15 28 20 26 25 18 24 27 26 24 11 10
6 2 2 0 1 6 1 0 5 0 5 1 0 0 2 3 9 11 2 2 6 4 1 5 0 2 3 3 3 4 3 0 42 2 7 3 3 3 2 0 1 5 2 5 4 1 9 14 8 28 21 19 20 27 16 17 19 17 21 15 17 24 24 13 20 16 17 17 15 27 36 28 33 33 26 21 15 21 13 8 5 17 15 6 6 9 7 17 18 19 17 24 23 19 25 14 23 13 10 3
0 6 3 2 0 0 1 2 3 2 4 2 10 0 4 5 0 0 3 1 1 1 4 2 0 1 3 0 5 6 11 1 4 3 4 0 3 3 2 0 3 4 4 0 5 6 0 10 29 25 25 26 21 22 21 17 17 20 18 10 19 26 20 12 17 14 10 16 20 24 28 39 30 25 26 15 19 5 11 12 11 3 9 15 8 7 2 11 18 17 19 24 14 21 14 16 18 9 7 0
9 0 4 1 1 1 3 0 2 3 3 3 2 5 3 1 3 1 5 8 0 0 6 1 6 0 8 12 2 1 5 1 3 4 1 3 0 0 1 2 3 0 4 7 7 9 14 19 16 34 26 21 26 24 22 21 18 21 15 14 21 28 13 12 11 15 16 19 30 27 38 43 24 25 26 24 17 15 15 11 10 2 10 5 8 6 9 0 15 17 19 13 10 20 7 6 9 5 2 2
1 3 6 3 4 1 0 3 4 4 3 2 7 4 0 0 2 5 12 12 5 6 3 2 0 21 7 2 5 0 2 2 1 0 1 3 3 5 1 2 1 6 3 5 11 10 11 1 25 20 36 14 28 23 24 18 18 14 16 17 21 22 18 14 16 16 20 26 25 30 34 44 34 19 19 32 0 14 8 15 11 16 2 17 21 6 13 18 11 24 14 10 8 15 11 11 7 6 6 7
0 17 6 2 18 4 5 4 1 2 5 0 0 3 0 0 3 3 4 24 4 3 11 3 15 2 2 3 4 4 5 3 4 4 0 3 5 0 3 4 3 7 6 17 13 19 33 4 29 21 31 19 34 18 23 17 13 16 11 17 24 20 20 20 17 14 23 32 34 37 39 33 25 19 32 0 15 5 6 7 18 10 3 27 0 20 0 16 17 14 8 10 13 12 5 8 4 8 0 3
9 2 2 2 0 2 2 1 10 0 2 1 4 2 2 2 7 6 9 27 8 5 3 4 5 6 7 10 0 1 0 0 1 3 1 1 2 2 1 2 10 5 8 8 5 9 17 39 16 31 19 42 22 21 30 22 22 18 22 26 17 15 24 26 16 26 35 40 30 33 37 27 23 29 21 40 31 10 16 13 18 13 30 13 29 2 18 9 8 8 8 12 8 11 4 8 2 3 5 5
1 5 0 4 1 0 2 0 0 2 2 1 0 5 4 7 4 1 9 10 9 0 0 2 7 14 0 2 4 3 1 0 1 2 2 0 3 2 2 0 4 12 13 14 24 15 14 20 32 23 36 34 30 26 30 16 22 23 31 32 19 20 29 21 24 24 31 35 30 36 19 24 20 27 25 33 36 40 16 10 6 32 19 21 5 4 11 10 13 7 6 8 8 6 4 7 1 0 4 2
0 0 5 6 6 0 7 0 0 0 2 2 1 3 3 7 4 6 7 10 13 21 7 0 4 0 3 4 0 2 0 1 1 2 3 7 0 1 2 0 1 10 20 14 15 34 25 16 35 32 23 26 24 24 26 28 36 31 28 36 30 33 15 35 40 47 36 29 38 25 24 21 35 51 38 26 31 25 30 19 30 30 14 19 20 19 2 9 5 5 3 3 11 1 6 0 4 0 2 0
10 0 16 0 2 3 0 4 3 0 1 0 1 3 3 0 4 0 0 4 3 5 6 3 1 6 5 5 1 2 6 1 1 3 1 7 7 5 6 6 3 0 11 31 29 10 35 37 38 36 27 24 27 29 26 31 32 29 29 31 27 35 36 40 44 36 26 42 31 24 37 48 45 50 42 44 44 37 23 21 23 21 26 18 14 18 10 4 6 9 5 5 7 5 6 2 1 1 1 2
88 35 1 55 5 0 9 5 1 2 0 2 2 1 0 4 3 1 0 0 1 2 1 3 4 0 2 4 0 0 1 2 0 2 7 1 0 3 4 2 0 39 14 28 31 41 20 28 38 28 30 31 27 31 32 40 36 34 20 36 52 42 44 55 35 41 51 27 45 54 61 48 57 59 48 45 23 27 35 29 25 32 14 11 17 17 4 13 8 4 6 5 4 3 5 2 2 2 7 3
0 4 0 0 0 20 10 5 4 4 2 2 0 1 0 4 1 2 3 4 0 2 2 9 3 0 3 4 2 0 1 5 5 2 5 4 2 10 5 10 6 11 15 21 25 22 26 36 34 44 51 52 48 42 23 32 41 51 47 39 57 54 69 62 71 77 72 69 72 70 58 64 66 57 46 49 47 31 25 32 27 16 20 20 3 9 9 6 13 3 7 5 9 0 4 0 3 0 5 4
3 0 8 0 7 1 4 3 2 0 0 1 0 1 2 2 0 2 2 8 0 1 0 3 2 0 2 3 4 0 3 0 1 4 0 3 0 9 11 3 4 2 4 10 0 0 19 33 45 50 39 51 54 47 38 42 42 45 68 83 72 65 48 58 61 65 57 63 61 62 55 48 46 43 44 41 40 35 35 17 18 12 12 7 10 4 4 7 8 9 6 0 10 3 10 3 2 8 3 4
0 2 2 7 5 4 0 2 8 0 1 1 0 0 1 0 0 0 0 4 6 2 2 3 3 1 0 2 0 2 2 2 0 1 6 0 4 5 13 7 4 6 0 3 7 29 71 70 47 47 53 41 41 29 20 34 74 78 72 68 54 35 19 41 53 49 52 57 65 53 47 44 32 31 36 40 37 32 37 17 24 16 11 13 0 5 12 8 6 8 1 11 4 4 2 3 4 2 7 0
2 2 0 5 3 3 0 0 3 1 2 2 3 3 4 1 9 2 0 0 4 2 2 0 3 1 1 0 0 2 0 2 3 13 3 15 2 0 9 8 5 5 24 85 88 72 67 69 42 42 53 71 40 36 61 62 65 50 47 48 31 20 6 33 48 36 51 54 44 38 45 28 31 31 26 36 34 21 25 18 12 14 15 0 3 11 10 7 10 5 3 11 4 2 0 1 5 4 3 4
1 7 7 4 3 8 6 4 3 3 0 3 2 3 7 1 5 5 4 0 1 5 5 4 3 3 10 8 7 7 3 1 5 4 9 21 10 12 11 11 21 27 81 77 42 51 47 59 51 50 38 32 42 52 56 61 42 44 15 24 25 4 5 34 27 36 40 58 43 34 30 28 24 30 33 29 17 37 21 27 22 12 6 14 7 11 6 9 9 6 1 7 9 10 5 1 3 10 0 4
22 8 9 2 4 4 6 3 3 3 4 5 5 4 0 2 2 3 6 0 5 1 1 2 0 17 12 5 5 0 0 2 0 4 1 4 23 18 16 24 47 70 45 23 44 43 31 29 32 15 28 50 34 42 50 37 5 36 10 1 0 4 17 27 21 28 51 49 37 26 31 33 29 33 17 17 28 23 17 5 13 11 12 32 27 8 9 10 2 4 8 4 6 5 7 3 7 6 9 2
2 2 2 0 1 4 2 1 1 3 0 0 2 0 3 1 1 3 3 2 1 5 2 1 4 5 3 6 3 5 4 1 2 7 6 7 7 20 27 63 65 32 15 38 24 23 27 7 20 47 12 20 22 36 19 39 40 26 0 8 0 21 26 21 24 43 51 53 45 41 43 39 29 29 31 19 10 9 16 11 4 5 18 20 9 20 13 6 7 7 5 8 4 6 0 0 3 3 6 13
4 0 2 1 3 4 5 4 0 1 3 0 0 1 0 1 3 2 2 0 1 1 2 0 5 8 3 3 5 1 0 0 2 5 8 15 16 28 63 70 17 26 26 32 20 15 0 44 45 15 26 27 29 11 38 45 40 0 5 0 24 25 7 17 28 56 65 72 54 51 44 36 40 28 24 18 8 19 9 17 21 29 20 24 25 16 12 5 5 2 5 2 4 2 1 6 5 5 5 1
5 0 1 3 6 2 3 2 4 0 1 0 2 2 1 6 1 3 2 3 3 3 3 3 4 3 2 3 3 4 0 1 8 1 7 10 13 66 69 6 31 31 13 12 0 42 56 45 17 16 16 4 6 10 36 28 64 0 0 45 24 8 16 28 33 57 69 61 61 47 46 44 35 25 19 23 23 15 25 8 24 16 18 22 6 27 10 8 6 0 9 5 3 0 3 6 6 0 6 13
0 0 1 3 4 4 1 4 3 0 0 0 2 4 3 5 2 2 5 7 5 5 5 5 4 4 3 2 5 6 10 7 7 10 13 9 33 50 9 21 19 19 0 76 80 53 52 35 33 33 26 25 52 38 20 36 0 15 53 37 6 1 9 15 25 35 36 57 59 49 45 34 32 50 36 35 32 21 42 10 22 29 38 48 9 10 9 14 12 10 2 3 2 8 4 8 12 4 2 9
0 1 3 4 3 4 0 1 0 2 1 1 2 2 2 2 1 2 4 2 4 3 3 3 3 0 2 1 0 0 9 19 15 17 21 44 45 20 23 32 2 47 63 61 66 58 37 23 21 21 13 24 23 2 17 0 20 27 49 9 0 0 7 9 11 24 46 53 50 37 40 38 38 38 41 31 22 25 16 19 29 39 27 15 2 19 12 8 10 4 3 0 6 9 0 9 1 3 10 5
1 1 3 0 1 3 0 2 1 0 0 0 0 4 2 1 2 2 2 4 2 2 1 1 5 3 0 2 7 9 9 16 1 0 5 12 11 33 64 59 49 51 55 48 51 47 30 16 8 7 10 9 24 22 6 35 15 1 7 9 8 21 4 4 23 25 43 50 69 58 53 35 34 34 32 21 16 30 33 22 25 13 12 24 15 13 7 2 8 4 4 5 6 3 5 3 8 10 5 5
4 0 2 1 0 3 0 0 0 0 0 2 1 1 2 3 1 3 4 2 2 4 3 4 3 3 3 1 3 8 0 0 0 28 81 84 87 62 64 57 54 65 63 49 29 26 33 27 16 10 18 17 32 32 43 17 80 3 0 2 8 4 0 8 0 19 30 43 66 68 39 36 28 24 37 26 20 23 20 21 23 16 11 21 7 4 8 3 2 4 3 9 6 2 4 7 7 7 13 8
0 2 1 7 0 0 1 3 4 2 1 0 2 2 2 0 5 2 4 1 1 3 4 2 5 4 7 0 10 34 40 48 50 69 63 62 55 55 66 61 63 61 45 48 44 25 13 23 35 44 72 84 108 64 33 21 0 7 2 1 5 7 0 0 31 19 35 48 56 63 43 44 35 42 34 27 25 17 12 19 32 10 12 3 31 3 9 0 4 5 11 6 3 4 5 5 14 10 10 3
4 2 3 16 1 7 4 1 0 0 1 3 2 2 6 1 1 2 4 1 3 1 1 0 15 39 50 39 37 31 25 36 37 21 66 70 62 61 57 60 54 57 59 64 47 25 35 75 101 118 124 133 124 66 7 0 4 0 3 6 0 0 4 2 10 42 43 23 56 62 39 20 15 25 22 13 23 12 17 11 3 3 10 7 9 11 6 2 4 4 2 7 1 3 18 17 28 19 17 16
15 12 4 0 0 0 0 0 4 2 2 3 1 2 3 2 0 0 2 0 0 0 22 29 26 25 36 15 0 25 5 20 31 35 41 37 27 68 57 48 51 57 78 64 59 69 76 117 145 164 163 155 122 65 29 0 8 134 171 222 12 0 0 0 2 21 34 66 15 38 42 40 12 21 20 13 9 17 0 1 13 14 10 16 7 7 15 12 9 10 16 2 2 14 26 26 19 10 9 6
8 1 1 0 0 0 3 10 2 0 2 4 1 1 0 0 4 2 0 0 13 17 16 6 11 8 8 5 2 1 10 26 37 49 40 41 35 36 56 43 64 76 56 56 52 76 100 116 152 160 154 115 48 60 0 1 0 8 0 195 162 34 0 1 8 4 0 16 59 32 32 38 41 41 48 35 10 8 22 22 17 17 14 16 15 10 13 13 9 14 15 6 8 7 14 11 16 9 0 9
2 2 2 0 5 3 3 4 4 4 5 3 2 0 14 14 12 9 15 17 23 23 14 9 11 4 5 0 8 11 2 5 12 22 12 0 14 18 13 18 16 39 41 51 61 64 74 102 88 33 1 0 0 7 0 6 1 20 114 77 155 189 26 0 2 0 3 0 1 21 22 7 16 18 18 31 20 12 10 0 2 5 16 14 13 26 15 11 14 9 9 13 15 11 4 5 8 17 4 0
0 0 3 0 2 2 0 1 1 2 9 13 12 16 25 28 22 22 25 16 10 12 5 2 2 9 10 3 0 2 3 27 14 7 0 7 6 26 26 6 0 8 34 38 3 28 63 52 0 3 16 15 14 1 0 3 78 69 104 107 127 45 0 4 0 9 4 0 62 7 0 6 14 10 9 11 5 6 15 10 4 5 12 15 14 18 16 16 8 6 5 3 5 5 1 0 0 3 3 6
0 1 0 1 1 3 3 0 17 34 26 29 24 28 22 18 17 13 16 10 18 10 5 9 4 0 0 2 1 9 1 0 7 26 17 8 35 5 13 10 9 0 9 16 9 2 12 20 12 37 38 30 30 8 2 1 69 58 102 2 8 63 103 60 24 3 9 10 0 14 16 19 0 7 7 7 18 25 28 3 1 8 4 18 16 15 16 4 19 10 9 4 2 0 4 5 7 3 8 3
0 0 0 4 5 0 24 35 51 60 54 35 13 19 17 18 24 21 23 34 5 2 0 2 14 4 5 3 5 2 8 22 11 17 15 11 2 6 2 5 3 0 0 0 0 3 10 0 46 86 46 18 27 65 0 4 0 0 9 153 171 138 89 51 38 25 18 8 12 6 25 1 16 17 12 11 12 0 32 19 9 21 13 11 5 12 11 11 7 5 6 0 5 4 5 1 2 6 4 6
3 39 2 0 6 21 41 46 68 49 52 48 48 50 37 32 19 17 19 17 31 0 17 9 7 0 0 0 1 9 7 34 28 9 18 1 1 9 5 7 6 0 12 19 18 25 64 15 72 135 162 167 176 185 156 135 163 203 175 156 138 74 3 58 43 22 28 33 31 11 6 9 12 7 0 0 2 22 42 16 32 28 0 23 17 13 12 13 6 12 7 10 6 3 8 7 8 7 10 15
8 2 0 6 16 49 61 70 75 72 69 60 55 42 44 17 32 20 22 19 10 16 20 3 5 1 3 8 11 13 26 25 4 9 7 6 6 7 12 9 20 1 8 3 20 32 75 56 92 57 23 13 106 158 164 169 167 149 142 0 28 41 55 39 39 46 59 0 26 18 12 23 32 31 41 39 45 59 59 43 43 33 10 5 21 2 30 0 8 5 15 5 2 4 6 4 14 15 18 21
2 1 0 7 37 57 62 75 76 74 66 58 46 34 30 14 31 30 27 16 15 10 11 9 18 26 13 1 14 8 17 9 16 29 7 8 12 3 9 11 12 9 3 14 48 37 42 31 16 13 2 29 122 140 13 19 0 0 25 20 30 26 30 40 36 45 49 34 24 15 17 0 15 28 17 8 6 7 12 40 42 42 14 6 11 20 8 21 8 8 9 10 10 5 14 11 7 11 13 23
0 1 2 24 50 50 75 83 68 70 88 61 46 36 27 42 40 28 27 31 16 17 8 12 8 2 0 5 1 20 18 66 19 15 25 19 8 21 12 12 9 0 23 30 25 30 43 36 61 96 110 108 98 47 7 1 0 15 16 18 22 31 33 21 33 44 32 31 17 19 9 9 7 27 19 34 15 20 17 17 11 8 16 23 20 15 17 20 16 11 10 10 11 7 12 29 15 9 16 23
3 0 2 16 19 63 57 34 0 14 99 34 18 0 15 30 40 47 25 30 23 40 57 37 24 9 10 23 2 12 28 8 8 22 27 29 19 14 4 0 13 12 12 15 4 20 27 71 83 91 84 58 29 28 13 18 29 28 23 22 9 14 21 23 35 41 38 23 21 29 19 23 14 22 12 9 0 3 19 14 12 18 28 0 38 20 7 13 15 14 16 19 21 2 17 30 27 18 14 17
5 4 0 10 17 18 7 9 35 38 17 10 1 0 2 6 20 33 47 56 81 82 84 86 96 79 83 31 13 18 12 8 10 25 30 36 15 21 3 8 8 2 0 19 13 0 67 44 52 54 50 43 36 35 23 25 19 25 25 46 19 21 22 28 28 5 9 20 22 17 23 19 13 14 9 19 21 6 19 10 16 12 1 22 2 18 23 11 24 11 6 23 21 13 20 26 24 31 17 17
3 6 2 10 14 13 12 27 37 5 1 1 1 1 1 1 0 15 31 53 31 22 17 68 97 103 71 69 21 21 13 16 22 28 46 32 26 5 9 14 54 15 0 9 17 33 23 47 39 49 57 45 31 34 42 21 34 48 6 30 43 25 9 22 6 13 11 14 14 19 13 24 6 25 18 1 13 18 8 36 5 11 0 9 11 7 20 12 4 7 26 26 23 11 10 24 33 22 17 17
2 3 2 8 14 13 22 26 13 0 1 1 1 1 1 1 3 2 2 0 3 2 5 0 44 96 70 50 12 25 17 31 29 46 43 24 15 13 3 16 13 16 8 30 27 46 42 24 36 32 46 43 48 31 17 45 15 12 29 30 30 38 26 7 24 9 14 4 13 2 0 19 42 19 6 11 16 10 17 2 12 0 23 8 6 12 10 20 22 6 5 27 11 20 12 37 29 20 18 14
0 1 3 0 14 3 22 9 5 1 1 1 1 1 1 1 0 0 5 5 1 1 0 0 70 75 68 40 20 16 29 27 19 41 31 22 26 4 10 19 22 15 25 29 45 42 36 24 25 34 39 64 54 51 32 15 29 18 16 23 23 28 15 15 15 12 10 12 6 12 8 11 17 38 22 13 6 5 17 6 2 8 5 1 10 5 11 9 1 4 17 9 21 16 8 27 26 35 18 19
1 0 1 0 10 1 7 0 2 2 1 1 1 1 1 1 1 1 0 0 2 0 25 98 68 68 73 23 21 27 32 12 21 30 18 16 10 12 18 8 15 28 28 53 32 26 16 34 22 32 42 40 46 50 64 34 0 26 6 1 20 20 30 24 13 10 12 8 18 10 13 1 31 0 6 7 5 18 21 23 1 5 11 5 6 2 12 17 9 6 8 3 3 11 17 18 30 32 18 25
1 1 1 0 30 6 5 0 1 1 1 1 1 1 1 1 1 1 2 6 0 70 107 85 55 55 26 8 35 24 11 18 18 31 17 23 16 30 10 9 20 32 37 40 33 23 31 26 20 33 28 46 35 63 74 43 40 27 16 17 8 21 9 19 13 17 11 11 6 11 7 15 10 8 14 8 14 10 15 19 25 12 6 7 8 10 8 19 13 3 10 13 11 7 13 12 40 28 26 28
0 1 0 36 37 6 5 4 1 2 2 0 6 0 0 0 0 0 0 25 50 153 25 51 40 55 34 47 38 29 25 16 6 16 16 14 11 24 9 8 18 25 40 46 26 26 23 26 19 34 26 19 43 22 19 42 33 23 17 18 9 9 19 19 13 11 8 5 7 7 8 5 9 14 6 12 9 12 25 15 25 10 8 8 10 5 6 22 4 3 3 6 9 8 13 17 15 9 30 23
0 2 11 40 41 6 3 4 4 2 1 6 2 8 33 31 64 60 27 8 4 70 35 41 12 44 41 55 60 48 50 17 13 17 4 4 17 2 19 16 28 23 42 41 30 28 19 30 25 25 19 34 0 28 10 30 30 46 24 11 14 5 15 11 21 12 9 4 4 7 4 3 11 10 7 13 7 15 6 23 25 29 15 4 2 0 0 15 0 12 7 13 6 13 18 0 25 27 34 8
1 4 28 50 30 1 2 4 3 1 0 16 51 109 35 57 47 60 41 30 37 35 19 28 44 0 21 47 62 47 63 26 14 27 1 20 1 9 33 10 40 31 29 49 37 22 21 34 23 10 23 14 46 3 19 12 37 28 59 16 11 14 18 28 17 19 5 14 8 0 8 4 7 12 15 8 1 19 10 22 26 29 31 33 13 0 11 5 0 28 18 6 7 6 21 16 25 21 20 12
0 2 40 38 29 3 0 1 0 2 28 52 111 82 60 33 57 21 33 23 9 53 27 30 44 1 22 21 37 61 47 33 0 19 12 26 18 7 15 21 45 27 28 49 31 35 17 27 30 6 20 15 10 36 17 0 17 18 13 36 13 52 12 26 13 10 15 5 15 5 0 6 3 3 9 8 22 12 22 13 25 9 32 15 1 7 21 5 9 29 20 7 18 29 12 35 9 14 29 12
0 6 54 36 30 12 0 1 2 20 56 138 90 74 72 18 43 33 26 30 22 8 29 28 28 37 42 43 30 11 0 2 23 6 0 9 21 11 0 25 25 21 10 46 49 39 2 13 34 20 4 2 25 19 51 27 22 27 15 21 19 40 32 22 16 13 5 15 12 2 8 2 5 2 4 15 21 21 22 0 11 38 0 2 20 8 1 0 38 26 17 4 6 5 8 0 18 19 12 23
4 25 57 60 62 2 3 4 31 40 24 102 79 49 63 61 70 55 64 51 34 30 13 15 1 17 33 41 23 13 0 13 34 6 8 8 10 35 9 39 29 21 7 34 47 42 6 33 26 38 17 11 4 10 24 23 14 15 20 26 45 28 49 32 15 17 14 17 16 28 4 2 4 6 7 13 20 19 10 14 22 38 4 17 7 4 1 13 41 18 21 4 14 16 14 25 39 19 8 32
22 37 64 79 83 1 5 2 70 82 74 81 46 42 45 35 56 77 59 28 49 34 32 15 10 14 1 20 37 36 38 29 2 9 9 11 2 27 14 32 32 10 22 32 31 8 30 10 15 29 20 10 8 3 22 26 38 38 8 36 30 18 32 44 17 11 23 13 7 21 37 7 2 2 15 10 11 17 18 41 5 43 27 26 2 0 3 29 28 28 20 15 0 18 16 5 0 0 7 17
12 53 82 99 109 0 3 23 78 71 45 66 59 67 54 11 57 32 56 30 51 47 36 41 41 11 25 16 2 2 9 16 14 4 8 10 1 0 14 35 43 34 17 19 8 29 20 31 29 2 21 26 22 28 13 14 18 31 20 17 25 20 45 8 37 15 19 14 16 13 11 4 3 11 14 7 9 26 26 33 6 12 21 15 0 3 17 48 21 28 23 9 0 0 8 9 10 17 11 12
22 62 91 108 144 0 0 79 89 74 91 75 86 75 72 16 55 32 0 47 55 54 53 34 43 39 28 5 0 6 7 7 12 14 19 12 13 21 1 26 47 39 8 38 19 29 21 27 35 31 21 42 34 38 0 8 18 1 10 11 10 21 14 7 13 36 8 20 17 4 14 6 10 3 12 6 12 30 11 15 60 15 28 7 11 6 18 35 11 27 20 5 3 4 2 11 5 5 12 9
37 66 140 181 171 0 18 82 71 77 69 80 75 67 63 54 78 42 19 0 57 54 43 44 45 44 41 32 30 32 29 0 13 16 7 5 11 12 7 40 56 43 37 35 29 26 13 20 30 2 33 42 36 43 9 15 8 2 13 11 20 6 54 30 15 0 16 11 9 8 7 9 5 9 7 21 0 13 4 4 32 13 17 1 25 5 20 55 15 23 29 7 4 4 7 0 18 10 20 9
44 103 171 224 160 0 80 100 54 67 51 79 70 69 54 61 60 61 43 42 13 4 3 29 40 47 65 13 43 36 39 7 21 13 8 11 11 0 9 40 43 44 33 5 20 4 26 17 27 25 25 30 33 50 34 1 11 21 12 18 15 0 13 5 11 21 12 11 9 6 11 14 3 9 23 11 15 6 18 12 15 3 9 7 8 12 16 48 12 14 19 9 3 0 0 12 19 14 27 0
52 123 202 219 136 0 97 75 48 52 49 68 70 49 57 25 53 48 67 63 38 0 57 14 20 12 41 70 55 45 48 8 0 32 30 47 16 36 0 13 50 44 42 9 28 59 17 12 18 35 15 8 33 52 39 40 2 19 17 15 9 12 12 9 11 5 3 12 8 7 12 3 15 24 10 14 13 6 18 20 36 17 0 37 17 20 13 38 18 19 12 11 7 6 0 0 9 21 8 2
75 172 204 165 55 2 83 81 47 51 64 40 47 47 64 41 43 51 34 53 51 59 99 10 0 23 36 56 21 45 11 53 43 15 37 0 27 8 4 2 48 44 48 45 20 28 25 32 20 20 7 4 0 45 12 7 14 7 0 6 13 9 5 0 2 7 9 1 18 5 13 18 20 14 9 24 10 16 16 13 21 20 65 19 0 0 13 26 23 17 13 11 10 8 7 3 18 14 13 9
78 182 184 88 16 0 43 56 55 49 51 46 48 49 63 54 48 70 27 34 42 53 61 36 27 0 0 30 18 22 25 35 37 10 16 59 0 79 11 15 12 55 39 35 9 18 35 29 20 17 36 19 16 15 20 38 21 35 47 28 11 4 5 6 3 8 14 6 9 16 14 19 19 14 19 25 15 21 16 17 0 11 23 30 18 1 7 14 19 12 27 8 6 9 9 2 15 13 16 14
137 161 80 64 6 3 25 31 48 42 34 49 45 44 38 20 39 35 28 28 47 24 62 62 29 19 14 0 16 1 3 24 0 12 15 20 37 1 145 0 7 38 27 43 14 5 12 18 24 27 15 5 7 14 23 6 23 3 39 0 1 9 2 5 4 9 7 13 5 14 8 24 13 24 15 10 17 27 8 13 15 8 20 14 15 8 1 6 23 18 27 12 8 12 10 4 15 11 10 23
149 124 47 9 3 1 5 3 30 36 39 65 73 65 52 54 42 36 37 29 23 47 31 28 33 51 58 45 60 14 19 5 5 21 18 15 25 21 97 149 0 14 34 40 18 1 13 19 23 10 21 17 2 8 10 26 17 37 13 32 8 13 11 4 14 14 11 17 14 13 21 8 10 36 0 45 24 31 15 2 46 20 11 8 10 1 5 0 14 19 25 12 2 10 17 8 14 20 11 23
151 75 18 0 1 2 5 0 15 5 35 54 59 67 63 56 58 50 38 12 26 12 10 32 13 52 49 42 38 45 5 18 43 101 4 0 1 12 26 77 105 23 15 9 12 10 0 20 29 15 2 7 13 11 20 8 14 12 37 0 26 29 4 9 3 12 17 10 20 14 18 17 76 50 16 51 37 25 18 24 0 34 14 16 2 1 3 0 9 22 25 11 8 13 5 0 2 14 24 25
140 42 1 1 2 2 1 0 0 11 22 42 38 55 44 64 51 66 58 76 51 26 24 13 39 24 59 48 43 51 43 45 50 49 11 58 26 6 8 19 1 155 23 17 31 24 11 6 7 0 7 7 14 7 7 15 4 14 20 20 0 7 19 7 8 8 21 20 10 16 21 34 42 41 30 45 44 35 20 33 21 23 15 16 0 1 1 0 13 22 19 14 14 14 10 9 1 1 18 21
108 11 0 1 1 2 1 2 5 10 10 16 42 34 62 57 56 68 57 40 83 82 115 170 38 12 0 10 43 12 27 37 49 61 47 29 31 80 30 0 17 14 147 18 14 16 8 5 9 11 5 8 0 5 7 14 11 9 6 5 10 2 6 12 5 19 2 6 8 5 14 26 7 29 27 47 43 51 30 0 19 20 17 20 0 1 5 0 3 7 21 27 5 5 10 9 5 1 9 17
100 8 2 1 1 1 1 1 0 1 11 13 16 18 52 43 72 74 51 32 45 45 25 52 134 99 1 22 4 3 16 2 0 50 20 94 51 7 22 101 6 19 13 17 19 14 9 10 17 9 13 10 0 9 2 6 6 14 16 6 4 13 1 9 1 19 1 8 20 12 30 22 17 30 28 46 42 26 29 12 27 33 15 16 0 2 8 0 2 17 15 14 14 5 13 8 1 6 19 16
64 13 1 1 0 3 3 3 3 1 1 12 10 7 16 35 95 34 42 37 58 26 35 31 54 16 57 18 27 69 83 0 0 0 34 2 24 6 94 32 75 22 15 196 10 5 18 3 5 15 9 0 0 6 1 0 2 5 9 8 0 6 8 13 4 3 14 22 41 16 21 23 26 42 42 45 32 38 4 3 23 27 13 8 2 0 9 2 0 11 14 1 18 6 8 10 7 1 22 19
39 26 0 4 2 9 4 3 0 0 1 0 0 14 11 2 44 34 36 33 37 20 21 8 31 112 54 14 37 25 67 108 15 78 6 7 98 2 0 53 53 0 39 17 35 17 12 2 5 1 7 13 7 0 3 8 15 4 8 14 10 8 3 7 3 16 22 29 27 20 17 23 30 31 42 50 23 24 15 11 26 28 11 2 3 2 3 5 4 3 33 0 6 13 5 11 4 0 22 13
15 23 0 5 9 18 13 14 6 0 3 1 1 3 10 12 12 32 33 48 28 13 20 38 29 14 14 35 28 20 45 69 42 10 134 10 74 19 11 159 5 90 53 3 119 7 13 12 13 7 5 1 7 5 7 2 17 6 9 7 9 6 2 8 9 9 25 35 9 33 47 7 46 40 50 30 29 9 7 12 26 23 6 4 10 0 5 6 9 11 10 20 0 14 12 7 9 1 6 7
8 21 10 12 22 37 24 19 19 3 2 0 0 0 0 6 10 4 6 27 24 31 22 11 1 4 14 0 20 0 0 14 144 0 62 13 19 21 13 0 116 52 9 37 34 32 31 9 6 1 7 5 2 9 3 12 1 16 8 9 6 7 16 6 17 3 26 32 27 29 23 30 45 58 51 35 20 13 8 18 28 17 5 1 5 0 5 0 11 9 6 8 6 7 12 5 3 11 3 7
10 15 0 9 31 45 36 30 28 6 11 2 2 0 2 2 1 11 5 8 31 24 25 6 28 18 12 22 1 15 0 33 110 42 29 121 5 17 19 27 7 44 0 11 18 24 4 5 8 5 16 15 10 13 12 16 5 8 5 0 0 10 18 23 17 13 23 24 42 39 20 38 36 40 26 20 15 15 17 24 26 13 5 2 0 0 0 1 18 12 5 1 8 0 7 14 5 5 7 16
5 16 9 10 44 54 56 45 35 3 15 6 13 0 0 6 0 5 7 14 11 18 27 24 86 22 12 4 0 9 0 0 23 23 1 71 15 32 30 26 88 67 108 35 55 152 22 13 11 5 13 10 15 9 18 12 5 4 9 6 7 18 17 18 16 37 22 16 36 39 33 42 36 25 13 25 2 13 22 17 23 7 9 4 1 5 6 13 4 15 5 7 6 8 11 9 8 4 7 6
2 5 10 23 42 63 41 35 32 21 26 4 7 19 10 8 0 2 0 2 12 9 19 1 19 15 14 10 15 84 5 21 39 34 58 21 115 63 29 28 110 90 42 47 23 60 69 21 14 13 21 17 20 20 18 2 3 19 17 6 19 7 7 14 3 34 21 13 45 38 45 59 28 18 32 3 39 18 13 10 18 16 9 6 3 10 6 14 15 20 20 9 0 8 1 11 14 0 4 5
0 6 15 26 50 43 37 39 32 37 35 9 13 19 27 26 12 10 0 0 0 24 11 1 9 16 26 2 11 14 106 21 6 67 0 127 53 56 32 35 107 72 28 83 50 59 0 16 12 18 19 33 25 19 34 37 15 10 25 14 11 16 12 15 11 23 18 24 32 61 58 37 24 26 28 10 24 18 12 13 21 16 3 9 6 16 2 5 11 14 20 0 4 9 7 9 7 3 5 7
3 2 9 45 45 38 33 28 34 35 60 22 29 23 27 33 41 22 24 6 4 1 0 6 2 9 0 10 6 13 10 60 0 51 5 25 27 92 86 44 99 50 32 26 46 64 138 37 28 29 27 32 30 30 36 29 18 18 25 50 37 22 21 25 17 17 30 39 62 69 43 30 25 20 11 26 23 15 21 17 17 12 5 4 3 6 0 2 0 10 23 7 5 8 7 7 9 10 2 9
10 5 20 36 29 35 30 21 42 49 34 19 39 45 37 32 22 54 38 34 13 0 1 0 0 12 0 0 1 9 7 26 48 3 67 25 35 90 34 91 85 57 40 31 63 59 120 59 14 41 51 46 55 44 37 25 33 31 36 25 13 11 18 15 7 14 41 39 69 40 36 23 20 19 29 39 26 14 17 28 17 4 0 13 17 2 8 9 3 9 9 11 4 4 7 3 9 15 5 6
1 8 30 29 25 32 24 39 38 41 18 15 35 71 61 46 31 57 74 58 41 29 1 0 2 0 2 2 2 0 4 3 49 45 31 0 4 35 34 53 58 46 43 25 49 23 65 53 26 49 64 49 41 31 40 27 31 22 5 47 17 16 16 17 10 16 32 69 34 44 27 24 13 10 12 44 32 23 15 18 13 1 6 16 13 0 8 2 6 6 19 6 6 3 8 10 9 7 12 6
3 17 1 14 21 35 26 29 13 27 20 13 31 54 46 62 77 79 94 99 72 53 42 19 0 5 0 1 2 0 16 6 0 34 19 26 59 36 70 50 31 47 76 43 61 92 57 40 73 59 45 49 34 27 20 19 24 14 9 20 10 11 8 5 13 33 67 51 45 28 29 12 25 37 32 36 30 20 18 19 15 6 7 17 16 4 7 6 4 8 13 3 7 0 11 11 4 2 14 5
10 0 7 17 22 27 24 16 19 24 13 20 27 30 47 97 86 120 125 106 106 96 65 52 45 6 2 2 2 0 10 0 2 0 3 29 0 0 54 29 20 48 65 40 57 75 50 64 75 56 27 36 19 4 19 1 8 6 0 10 6 7 18 5 18 74 51 30 39 37 27 26 33 50 34 33 34 24 20 17 11 15 14 20 24 10 5 7 3 8 9 19 3 8 15 9 2 10 16 12
8 6 7 14 24 13 20 12 23 18 28 27 38 16 61 102 70 65 88 113 167 137 100 83 62 45 26 9 1 7 14 1 1 1 0 5 7 4 13 15 17 7 14 0 30 74 61 75 67 44 18 31 17 7 18 0 4 0 4 0 2 7 6 16 84 40 46 48 45 21 21 11 37 46 33 35 41 25 19 17 11 24 24 23 18 6 7 8 10 5 7 9 10 8 2 3 6 5 3 16
0 2 7 19 24 21 16 24 18 16 13 27 44 15 52 90 70 49 62 70 104 116 150 100 101 56 65 29 16 22 15 0 0 3 3 1 1 3 7 5 0 6 43 30 15 69 62 56 57 43 36 37 18 15 10 2 4 1 2 1 4 2 12 62 45 46 52 46 24 21 21 26 28 52 32 35 43 19 21 19 14 22 19 24 23 11 0 4 11 6 5 5 10 9 7 9 9 6 7 10
1 9 19 21 16 25 18 17 13 15 22 28 37 14 39 56 50 36 33 55 64 118 137 76 130 73 61 59 20 24 21 0 3 2 1 2 0 21 0 0 17 0 23 34 23 52 62 63 55 41 37 35 17 13 5 0 2 1 0 0 1 16 37 25 34 48 45 34 23 25 24 25 33 60 32 36 49 23 17 20 17 24 20 30 28 11 8 6 11 8 8 1 9 4 4 15 4 8 4 4
6 10 15 15 23 25 18 12 15 8 9 29 18 20 25 29 51 34 25 42 54 99 75 98 132 111 63 36 36 19 11 5 1 3 1 0 8 0 0 3 0 5 0 20 20 54 67 55 63 44 37 15 15 7 2 2 3 6 2 17 30 37 33 40 41 52 36 30 28 20 37 22 32 45 30 37 55 21 17 18 16 24 26 32 30 12 11 7 12 4 14 2 5 6 9 10 3 11 5 1
5 15 8 21 21 10 17 16 13 13 6 20 9 14 26 26 41 49 39 34 44 77 45 72 110 105 51 33 17 26 4 8 2 2 4 11 1 0 1 0 0 0 3 27 31 31 48 43 60 50 23 9 14 5 23 4 9 1 17 40 56 53 53 41 55 43 38 16 19 17 34 18 37 34 41 40 65 20 16 16 12 32 26 24 18 13 7 14 1 12 7 3 3 4 7 6 0 8 10 2
3 9 17 5 18 12 15 13 13 12 8 15 13 16 29 30 42 43 41 29 36 92 30 54 84 101 53 33 0 32 6 14 0 13 5 0 2 5 3 4 1 7 0 23 32 20 29 36 38 31 15 15 13 16 11 8 28 26 60 67 62 59 40 51 41 45 34 21 21 20 28 10 38 33 37 36 48 17 15 10 18 23 23 26 14 1 8 16 8 21 3 6 5 6 4 0 4 11 11 3
6 8 14 17 6 9 10 10 12 6 7 17 16 9 35 18 36 41 41 28 27 87 27 41 51 70 51 35 16 36 15 6 2 0 4 5 1 5 2 2 1 7 6 16 19 20 19 25 20 21 16 17 17 17 20 24 29 71 75 69 74 50 55 30 22 34 28 29 29 15 29 16 33 36 32 21 43 17 16 13 15 15 20 28 14 2 8 4 3 5 8 3 2 5 6 0 7 9 8 1
4 10 0 2 10 12 12 10 17 8 7 9 16 4 26 12 35 38 38 29 13 62 32 31 31 57 35 52 30 38 21 6 1 0 2 2 1 2 1 10 2 5 4 16 16 12 10 29 19 15 18 20 19 16 23 27 66 79 83 63 53 58 40 14 31 37 18 20 21 20 26 29 34 31 34 18 40 19 15 10 9 8 21 24 7 4 4 0 0 8 6 7 0 6 4 2 7 6 5 0
2 6 8 4 7 6 8 10 11 8 7 5 14 7 18 12 30 30 30 27 21 54 32 18 22 45 28 49 25 18 20 8 0 4 0 2 3 2 3 5 2 0 0 5 13 1 2 9 12 9 3 8 20 21 25 61 73 78 62 55 58 21 20 19 34 29 20 21 12 17 18 24 26 32 30 11 35 30 11 3 9 0 12 19 10 10 5 3 0 7 8 10 0 8 5 0 4 5 5 2
3 4 4 1 9 6 5 12 7 9 9 8 17 19 16 14 25 20 41 32 27 39 24 19 19 32 19 39 19 16 19 8 0 5 1 0 4 3 3 4 5 4 4 5 13 1 7 7 5 0 2 2 13 19 62 66 69 59 56 43 21 17 20 27 26 19 27 26 16 21 21 24 28 34 29 20 19 25 10 6 12 0 8 13 14 14 8 5 2 3 9 12 12 6 3 2 4 9 4 2
3 3 3 6 5 6 11 9 15 10 10 14 22 25 20 19 21 27 31 24 22 39 20 13 12 23 24 20 10 1 8 7 0 0 4 3 0 3 10 1 5 0 2 5 2 8 6 0 8 6 6 7 34 41 57 68 51 43 31 13 21 16 20 16 21 9 17 12 12 24 14 17 25 25 30 20 12 13 8 4 7 0 5 1 18 9 7 9 0 2 7 7 7 1 6 0 5 8 1 3
2 0 2 0 4 7 7 10 9 7 10 17 24 19 25 29 24 23 23 25 25 28 14 9 10 15 16 10 0 2 4 2 7 0 0 1 4 0 0 4 3 0 5 2 1 2 3 7 10 19 26 33 39 40 50 45 38 33 13 19 13 17 21 12 26 13 37 6 10 25 14 12 8 32 24 24 11 16 0 9 5 0 5 13 14 7 7 5 2 4 6 2 15 2 4 0 11 6 2 4
2 3 3 0 5 4 7 7 7 10 13 23 25 20 22 26 24 22 21 20 22 21 9 2 3 3 7 0 1 1 0 4 2 1 3 3 5 0 2 0 0 3 9 12 17 13 13 17 35 50 54 60 59 48 36 25 30 17 20 14 10 20 26 22 21 9 33 8 10 32 10 4 4 26 26 23 8 20 5 8 2 6 1 2 4 11 2 2 3 2 9 3 8 7 2 4 12 3 3 3
2 3 0 4 2 5 2 2 8 12 14 20 12 21 21 24 22 19 12 15 21 13 7 2 5 3 3 2 3 2 2 1 0 0 1 2 0 6 5 5 11 28 32 25 32 38 50 64 67 65 70 66 43 28 13 15 14 11 13 10 20 27 18 14 16 22 24 7 7 18 5 0 5 24 21 14 12 9 6 8 4 5 5 2 4 9 0 0 3 1 7 5 5 5 2 2 9 0 3 3
2 2 2 2 2 3 2 8 15 18 21 17 19 21 26 25 19 18 15 14 9 9 7 7 1 5 2 2 0 5 3 1 1 2 0 4 3 0 27 29 32 22 27 44 45 38 41 50 45 47 25 20 12 15 7 15 5 12 10 15 4 8 5 2 12 24 18 10 8 12 9 9 7 21 14 13 11 2 4 7 2 4 5 1 3 8 0 3 2 2 9 0 0 5 0 5 5 1 2 3
2 3 1 0 1 3 11 9 13 14 18 21 18 20 15 16 20 15 13 14 7 9 9 4 8 5 5 5 3 0 0 1 2 3 0 18 23 28 11 28 24 17 28 30 28 36 36 37 24 14 16 10 4 3 8 0 3 8 8 2 5 4 4 14 18 21 11 4 5 4 5 15 8 21 8 8 6 1 2 1 3 1 5 0 6 4 2 5 4 2 3 0 1 4 3 6 1 4 3 1
2 0 1 1 6 9 10 14 13 18 18 24 20 15 18 21 18 15 19 14 6 8 6 6 8 4 4 6 3 0 3 0 1 5 9 14 32 42 6 8 17 19 23 26 26 16 27 16 18 2 3 6 1 6 7 10 10 5 2 2 9 7 5 13 17 19 8 4 3 5 7 10 3 17 9 5 7 3 4 1 1 1 4 3 5 3 3 7 0 2 4 0 5 2 0 5 0 4 1 3
2 0 1 2 3 7 14 8 14 20 22 22 11 23 19 17 18 12 12 11 12 4 4 4 6 4 5 2 2 1 3 1 7 2 38 19 4 28 17 15 18 12 12 19 31 18 7 8 6 11 6 7 13 9 12 12 8 5 0 7 10 7 1 15 10 18 6 8 7 7 2 8 9 12 6 8 10 8 2 2 0 0 1 1 7 0 3 3 0 0 0 2 6 4 2 5 1 0 2 1
0 0 2 2 4 5 12 12 19 22 12 9 19 20 21 16 15 16 14 17 9 7 4 1 0 5 4 2 2 5 1 8 13 32 8 11 12 8 12 3 7 5 22 10 3 20 13 12 15 24 24 16 10 21 18 13 7 6 7 3 8 4 2 19 5 17 4 10 1 5 0 6 7 9 5 4 9 10 3 4 0 1 2 2 4 0 3 0 0 3 2 2 6 3 3 4 4 0 0 1
0 0 3 2 4 3 16 18 25 14 14 16 19 19 22 14 18 16 15 14 12 11 8 2 1 2 1 1 7 1 1 2 22 11 7 5 6 6 8 17 33 5 6 12 18 17 21 24 34 40 28 22 34 15 17 7 9 7 7 7 9 2 9 5 7 6 11 8 3 2 4 5 5 7 4 7 8 11 3 2 2 3 1 2 3 1 4 1 2 1 0 0 4 4 7 2 2 2 1 3
0 1 5 1 3 7 3 17 16 13 18 18 17 16 18 19 16 18 17 10 12 9 6 3 1 0 0 3 0 5 4 23 9 5 4 3 4 3 0 5 9 1 11 27 24 17 29 47 37 32 37 29 27 23 8 3 7 14 4 8 2 5 5 9 0 6 6 4 2 1 0 0 5 2 2 6 2 10 0 0 0 0 3 3 4 0 5 2 5 1 0 0 3 1 3 4 0 2 2 2
0 0 2 1 2 8 15 14 19 9 16 14 17 16 18 18 20 18 13 9 10 7 4 1 2 5 3 3 2 10 19 8 9 6 5 4 1 3 11 10 0 10 20 8 10 39 38 24 32 28 21 13 14 9 2 0 5 6 4 3 1 6 9 4 10 2 8 3 5 1 0 2 5 0 3 4 3 1 1 0 1 0 3 2 0 2 8 3 5 0 0 1 1 3 2 6 2 1 1 0
0 0 2 0 8 8 12 15 16 12 12 14 17 18 19 21 22 14 10 8 10 7 7 3 4 5 9 2 17 17 11 9 0 4 5 0 3 5 10 14 12 19 8 23 42 18 20 19 16 12 13 12 9 9 7 5 8 3 0 3 1 4 4 2 4 3 10 3 6 4 2 3 4 4 3 4 0 2 3 2 3 2 3 2 0 2 7 0 0 2 0 4 1 2 2 2 1 1 2 2
1 0 0 7 5 8 7 14 14 9 10 20 15 19 21 20 15 11 10 9 5 10 3 3 3 0 7 9 19 3 5 5 2 9 4 4 0 9 12 6 29 9 32 13 5 12 14 15 8 10 10 7 4 9 5 4 8 2 4 4 0 2 3 3 0 7 2 2 8 4 0 5 2 4 3 3 7 4 2 2 2 2 1 2 1 2 1 5 0 1 0 2 3 0 2 4 4 2 2 2
